0.8875501097501398
1.8914032951242306
2.8767585092282086
4.0167414054093316
4.949629470831965
5.846869345097964
7.093562383066652
7.959217184116681
8.960453822897751
9.819238649218711
10.844208350848193
12.096392630459995
12.973342029265016
13.992503762963441
14.906928987807195
16.09096907344296
16.90654967485706
17.90688990674556
18.996698775421407
19.965303288803128
21.031382716919886
22.028428464507655
29.902888223777076
24.212529418329105
25.15768857619407
26.04728926885445
26.852559655846882
28.044996606647103
29.00757813983569
29.990820119534845
30.886835402573638
32.054380347021755
33.01745351338638
33.880860801260596
35.087362229356984
36.09461451651067
37.091952291003366
37.844231524590576
38.74534719001288
39.95944675866653
41.11665217949978
42.067618626778554
43.03226416153575
43.96870553452944
44.92322501557317
46.11642239183953
46.96282836663695
47.98740503239125
48.9724775182117
50.08236360686757
50.672113731705174
51.806192671893285
53.05945438096238
54.11669896528223
55.086525975228334
55.987395707277585
56.99925697011106
58.156421099821934
59.04777894665691
59.889985423609964
61.0746163231102
61.92621623015136
62.851185510487596
64.19148383041778
64.84784079766432
66.08496589354237
66.93873193565992
68.05156680971344
68.98881231102605
70.10346571350549
70.87091316401406
72.0038823062236
73.01060359071337
74.13764235788041
74.9903764850031
75.85495977038453
76.99176088907215
78.03202080515565
79.06741930711812
120.24386109944109
80.96237595550015
82.09746082864295
82.97279095597831
84.12686987288217
84.83518423051662
86.0610847027649
87.12302800014413
88.02308323016116
89.08598398728638
89.96862541842373
90.87974747760778
91.92943303007378
92.90626189268511
93.91322685166442
94.99208177038366
96.05029008701844
97.05730278763787
98.00412344860645
98.79219729546516
