0.9603606793058179
2.0640851678124488
3.0289720104758993
4.004254277501808
4.8404573783987415
6.035955799261272
6.891402412567332
7.987311033334374
9.03047831479994
9.9169283356399
10.848926431358063
12.005481762829318
13.101229377200054
14.033000857710887
14.90179606969316
15.997409290121354
16.835838542055694
17.99270016123021
19.022982560758688
19.80282872745102
20.965652458211352
22.16839615418248
22.850242529061774
24.017826513263053
25.01408837153581
25.966439231248803
26.901158548361806
28.098965810591103
29.032726102377676
30.03791125522967
31.03944006632292
31.876469604012144
33.02951436062411
0.13976959315652
34.97124279683054
30.96631750213425
37.15062770084509
38.02006036302783
39.212121228542244
39.9937838220327
41.16944984153505
42.02779507049398
43.21666193040659
43.89351808224879
45.24205546723741
46.09177497804119
47.05339040793963
47.96844945350008
49.0289998774836
49.921208164060886
50.92846821645744
52.184535157168874
53.0415102080464
79.112428306703514
54.96869885520796
55.98825275583385
56.88537535530899
57.87419176421158
58.98292311658282
59.96008791953839
60.92893195005278
62.18914135614764
63.030030128410715
64.19677147187518
64.91542811697948
61.03298758886481
66.8964410851499
68.20574916749537
68.85307141531776
70.16384942468595
71.07301624769822
71.91657335470546
72.8674614114125
74.03169750428988
104.89407277753625
75.94725833121667
77.03782098013484
78.09181877144337
78.96275865178214
79.9974999202763
80.96219886373744
81.98250905374351
82.95573765875605
83.94887844644902
85.17078962150413
86.0535824065313
87.10887652894972
87.91311160171269
89.03651752781781
90.0945052055797
91.03836326043663
91.99960520428223
92.93264861958042
94.17060034498822
95.07326408984395
96.01752395299606
96.99731752834586
97.91204331364987
99.03405471036358
